The total number of start codons is 224.
2.
26.
196.
307.
367.
370.
376.
511.
586.
622.
730.
929.
955.
1038.
1071.
1101.
1150.
1211.
1250.
1287.
1290.
1538.
1647.
1675.
1806.
2112.
2145.
2167.
2237.
2269.
2319.
2458.
2470.
2518.
2567.
2584.
2725.
2736.
2820.
2882.
2919.
2981.
3023.
3080.
3201.
3335.
3425.
3702.
3960.
4118.
4250.
4457.
4639.
4650.
4861.
4877.
4895.
4911.
4915.
5018.
5064.
5133.
5185.
5236.
5454.
5652.
5765.
5780.
5867.
5934.
6014.
6358.
6437.
6453.
6461.
6483.
6550.
6825.
6964.
7061.
7191.
7297.
7303.
7309.
7315.
7323.
7327.
7551.
7754.
8037.
8091.
8304.
8353.
8433.
8487.
8660.
8679.
8896.
9204.
9282.
9384.
9430.
9604.
9643.
9669.
9845.
9893.
9904.
9910.
9916.
9924.
9941.
9977.
10073.
10118.
10146.
10210.
10286.
10414.
10509.
10552.
10719.
10778.
10837.
10900.
10957.
11022.
11117.
11300.
11304.
11312.
11338.
11364.
11378.
11585.
11596.
11697.
11793.
11954.
11957.
12001.
12070.
12226.
12336.
12417.
12444.
12475.
12496.
12640.
12679.
12809.
12814.
12827.
12910.
13087.
13297.
13315.
13324.
13633.
13652.
13898.
13994.
14072.
14133.
14147.
14252.
14258.
14266.
14285.
14302.
14356.
14612.
14625.
14751.
14795.
14933.
15108.
15205.
15344.
15376.
15584.
15645.
15716.
15825.
15839.
15880.
15888.
16050.
16097.
16184.
16265.
16271.
16478.
16727.
16731.
16860.
16876.
16897.
17028.
17287.
17342.
17446.
17496.
17500.
17655.
17723.
17821.
17826.
17910.
18137.
18187.
18198.
18207.
18336.
18381.
18389.
18423.
18641.
18644.
18672.
18851.
18859.
18878.
18891.
