There are a total of 797 stop codons.
170
194
383
419
433
463
479
509
588
664
677
694
826
1062
1132
1234
1434
1445
1558
1602
1901
1976
2040
2301
2306
2446
2479
2548
2596
2719
2945
3008
3093
3158
3214
3228
3291
3354
3369
3537
3773
3777
3947
4032
4049
4054
4079
4101
4117
4547
4756
4792
4819
4879
4979
5038
5046
5066
5103
5121
5184
5228
5275
5301
5370
5483
5691
5701
5717
5869
6003
6149
6159
6198
6237
6313
6323
6339
6435
6501
6595
6604
6960
6970
7202
7230
7248
7318
7354
7370
7451
7470
7614
7697
7744
7823
7911
7924
7938
8032
8036
8077
8157
8171
8197
8203
8269
8397
8567
8754
8767
8860
9149
9215
9294
9323
9617
9746
9913
9932
9951
10036
10087
10110
10132
10136
10427
10454
10548
10627
10670
10732
10745
10763
11079
11186
11781
12091
12117
12131
12274
12291
12299
12590
12676
12761
12863
13126
13152
13357
13697
13729
13761
13810
14039
14260
14488
14493
14498
14636
14703
14706
14737
14826
14903
14957
14961
15012
15016
15020
15052
15099
15109
15371
15375
15422
15425
15590
15664
15668
15836
15914
16141
16312
16373
16447
16535
16613
16626
16639
16798
17086
17101
17185
17402
17580
17869
18138
18244
18259
18326
18348
18352
18530
18587
18612
18616
18681
18931
18985
153
253
283
287
293
296
307
398
467
501
539
599
623
630
654
697
722
736
845
867
922
1029
1168
1197
1255
1311
1360
1374
1387
1399
1472
1481
1747
1772
1862
1970
2007
2085
2103
2128
2254
2334
2345
2369
2411
2490
2509
2657
2832
2846
2982
3046
3086
3153
3176
3261
3419
3515
3529
3687
3704
3786
3821
3839
3864
3907
4166
4184
4198
4209
4221
4343
4355
4434
4449
4474
4571
4595
4613
4638
4681
4750
4760
4827
4845
4961
4995
5015
5071
5224
5236
5323
5341
5399
5407
5495
5510
5554
5658
5739
5757
5782
5787
5865
5933
5958
5970
6080
6117
6215
6240
6275
6329
6379
6404
6537
6612
6653
6699
6734
6777
6821
6877
6895
6909
6928
7008
7026
7051
7056
7126
7397
7484
7543
7648
7679
7707
7715
7770
7815
7819
7831
7933
7969
8103
8128
8140
8219
8237
8304
8499
8524
8615
8633
8658
8776
8779
8812
8863
8962
9080
9098
9123
9158
9255
9272
9297
9304
9426
9487
9568
9586
9611
9716
9743
9854
9880
10004
10016
10021
10026
10041
10106
10173
10204
10226
10254
10261
10292
10380
10386
10462
10480
10596
10614
10639
10644
10674
10792
10826
10858
10880
10976
11096
11131
11223
11253
11336
11352
11404
11409
11431
11446
11464
11646
11668
11685
11801
11808
11826
11841
11938
11952
12020
12054
12057
12139
12157
12182
12189
12213
12217
12267
12379
12479
12544
12556
12575
12599
12655
12666
12740
12779
12788
12856
12890
12909
12948
12957
13089
13106
13174
13192
13217
13222
13368
13424
13530
13768
13806
13840
14186
14230
14352
14366
14376
14392
14415
14434
14450
14632
14712
14751
14759
14803
14892
14897
15065
15260
15305
15345
15470
15478
15522
15627
15646
15717
15816
15845
15941
15949
15962
15968
15988
16098
16116
16153
16194
16232
16250
16317
16387
16413
16427
16438
16544
16581
16661
16679
16747
16806
16871
16946
16972
16976
17043
17047
17142
17200
17345
17406
17512
17526
17537
17593
17632
17650
17675
17680
17719
17797
17842
17847
17923
17965
18029
18039
18066
18121
18193
18280
18399
18431
18471
18481
18503
18537
18546
18660
18674
18741
18744
18823
18868
19084
19240
144
275
549
604
758
877
1402
1690
1761
1871
2024
2063
2374
2385
2472
2615
2639
2661
2714
2894
2968
3025
3037
3054
3058
3065
3071
3186
3192
3254
3397
3579
3665
3758
3799
3984
4017
4069
4096
4113
4144
4235
4238
4280
4372
4412
4717
4728
4736
4805
4922
4935
4950
4992
5061
5074
5115
5161
5253
5470
5530
5551
5583
5650
5675
5862
5893
5987
5995
6040
6134
6175
6494
6515
6558
6589
6667
6670
6712
6855
6920
6945
6986
7158
7172
7189
7192
7196
7295
7308
7331
7359
7406
7429
7503
7722
7851
7890
7916
7919
7959
8017
8063
8259
8297
8322
8327
8332
8337
8342
8347
8352
8357
8381
8459
8553
8593
8738
8793
8922
9016
9032
9058
9207
9412
9504
9546
9754
9813
9825
9885
9964
9969
9995
10031
10046
10166
10179
10215
10401
10440
10485
10533
10574
11270
11794
11944
12049
12828
12901
12923
12933
12973
13016
13083
13401
13657
13748
13816
13942
13951
14120
14160
14264
14268
14294
14306
14341
14418
14429
14445
14462
14471
14476
14672
14848
14940
14993
15000
15216
15407
15540
15559
15700
15865
15895
15917
15920
16076
16170
16184
16210
16395
16464
16471
16504
16573
16598
16765
16769
16773
16783
16823
16850
16866
16883
17209
17328
17331
17339
17437
17447
17566
17606
17741
17745
17750
17760
17779
17789
17809
17999
18266
18300
18319
18373
18410
18478
18486
18688
19214
