Number of start codons in p53 gene: 224
The p53 start codon indexes are: 
101
125
295
406
466
469
475
610
685
721
829
1028
1054
1137
1170
1200
1249
1310
1349
1386
1389
1637
1746
1774
1905
2211
2244
2266
2336
2368
2418
2557
2569
2617
2666
2683
2824
2835
2919
2981
3018
3080
3122
3179
3300
3434
3524
3801
4059
4217
4349
4556
4738
4749
4960
4976
4994
5010
5014
5117
5163
5232
5284
5335
5553
5751
5864
5879
5966
6033
6113
6457
6536
6552
6560
6582
6649
6924
7063
7160
7290
7396
7402
7408
7414
7422
7426
7650
7853
8136
8190
8403
8452
8532
8586
8759
8778
8995
9303
9381
9483
9529
9703
9742
9768
9944
9992
10003
10009
10015
10023
10040
10076
10172
10217
10245
10309
10385
10513
10608
10651
10818
10877
10936
10999
11056
11121
11216
11399
11403
11411
11437
11463
11477
11684
11695
11796
11892
12053
12056
12100
12169
12325
12435
12516
12543
12574
12595
12739
12778
12908
12913
12926
13009
13186
13396
13414
13423
13732
13751
13997
14093
14171
14232
14246
14351
14357
14365
14384
14401
14455
14711
14724
14850
14894
15032
15207
15304
15443
15475
15683
15744
15815
15924
15938
15979
15987
16149
16196
16283
16364
16370
16577
16826
16830
16959
16975
16996
17127
17386
17441
17545
17595
17599
17754
17822
17920
17925
18009
18236
18286
18297
18306
18435
18480
18488
18522
18740
18743
18771
18950
18958
18977
18990
