Total stop codons: 224
1
25
195
306
366
369
375
510
585
621
729
928
954
1037
1070
1100
1149
1210
1249
1286
1289
1537
1646
1674
1805
2111
2144
2166
2236
2268
2318
2457
2469
2517
2566
2583
2724
2735
2819
2881
2918
2980
3022
3079
3200
3334
3424
3701
3959
4117
4249
4456
4638
4649
4860
4876
4894
4910
4914
5017
5063
5132
5184
5235
5453
5651
5764
5779
5866
5933
6013
6357
6436
6452
6460
6482
6549
6824
6963
7060
7190
7296
7302
7308
7314
7322
7326
7550
7753
8036
8090
8303
8352
8432
8486
8659
8678
8895
9203
9281
9383
9429
9603
9642
9668
9844
9892
9903
9909
9915
9923
9940
9976
10072
10117
10145
10209
10285
10413
10508
10551
10718
10777
10836
10899
10956
11021
11116
11299
11303
11311
11337
11363
11377
11584
11595
11696
11792
11953
11956
12000
12069
12225
12335
12416
12443
12474
12495
12639
12678
12808
12813
12826
12909
13086
13296
13314
13323
13632
13651
13897
13993
14071
14132
14146
14251
14257
14265
14284
14301
14355
14611
14624
14750
14794
14932
15107
15204
15343
15375
15583
15644
15715
15824
15838
15879
15887
16049
16096
16183
16264
16270
16477
16726
16730
16859
16875
16896
17027
17286
17341
17445
17495
17499
17654
17722
17820
17825
17909
18136
18186
18197
18206
18335
18380
18388
18422
18640
18643
18671
18850
18858
18877
18890
